11111111111111111111111111111111111111111111111111111111111111111111111111111111111111111111111111111111111111111111111111111111111111111111111111111111111111111111111111111111111111111111111111111111
12232222222222222222222222555552222222222222222222255522222222222222222222224444422222222222222222222222255222222222222222222222222552222222222222222222222222222222222222222222222222222222222222222221
12232122222222222222222222555552222222222222222222255523322222222222222222224444422222222222222222222222255222222222222222222222222552222222222222222222222222222222222222222222222222222222222222222221
12232222221222222222222222555552222222222222222222255523322222222222222222224444422222222222222222222222255222222222222222222222222552222222222222222222222222222222222222222222222222222222222222222221
12232222222222222222222222555552222222222222222222255523322222222222222222224444444442222222222222222222255222222222222222222222222552222222222222222222222222222222222222222222222222222222222222222221
12232244422222222222222222555552222222222222222222255523322222222222222222224444444442222222222222222222255222222222222222222222222552222222222222222222222222222222222222222222222222222222222222222221
12232244422333222222222222555552222222222222222222255523222222222222222222224444444442222222222222222222255222222222222222222222222552222222222222222222222222222222222222222222222222222222222222222221
11112244422222222222222222555552222222222222222222255522222222222222222222224444444442222222222222222222255222222222222222222222222552222222222222222222222222222222222222222222222222222222222222222221
12222244422222222222222222555552222222222222222222255522222222222222222222224444444442222222222222222222255222222222222222222222222552222222222222222222222222222222222222222222222222222222222222222221
12222244422122222222222222555552222222222222222222255522222222222222222222224444444442222222222222222222255222222222222222222222222552222222222222222222222222222222222222222222222222222222222222222221
12332222222222222222222222555552222222222222222222255522222222222222222222224444444444444222222222222222255222222222222222222212222552222222222222222222222222222222222222222222222222222222222222222221
12322222332244222222222222555552222222222222222222255522222222222222222222224444444444444222222222222222255222222222222222222222222552222222222222222222222222222222222222222222222222222222222222222221
12222222332244222222222222555552222222222222222222255522222222222222222222224444444444444222222222222222255222222222222222222222222552222222222222222222222222222222222222222222222222222222222222222221
12222222222244222222222222555252222222222222222222255522222222222222222222224444444444444222222222222222255222222222552222222222222552222222222222222222222222222222222222222222222222222222222222222221
12222222222222222222222222555252222222222222222222255522222222222222222222224444444444444222222222222222255222222222552222222222222552222222222222222222222222222222222222222222222222222222222225552221
15555555555555555222222222555252222222222222222222255522222222222222222222224444444444444222222222222222255222222222552222222222222552222222222222222222225555555555555555555555555555555555555525555551
15555555555555555222222222555252222222222222222222255522222222222222222222224444444444444222222222222222255222222222552222222222222552222212222222222222225555555555555555555555555555555555555555555551
12222222222222225222222222555222222222222222222222255522222222222222222222222444444444444555555555555555555222222222552222222222222552222222222222222222222222222222222222222222222255555555555555552221
12222222222222225222222222555222222222222222222222255522222222222222222222222444444444444555555555555555555222222222552222222222222552222222222222222222222222222222222222222222222255555555555525552221
12222222222222225222222222555222222222222222222222255522222222222222222222222444444444444222222222222222222222222222552222222222222552222222222222222222222222222222222222222222222222222222444422222221
12222222222222225222222222555222222222222222222222255522222222222222222222222444444444444222222222222222222222222222552222222222222552222222222222222222222222222222222222222222222222222222444422222221
12222222222222555222222222555222222222222222222222255522222222222222222212222444444444222222222222222222222222222222552222222222222552222222222222222222222222222222222222222222222222222222444422222221
12222222222222555222222222555222222222222222222222255522222222222222222222222444444444222222222222222222222222222222552222222222222552222222222222222222222222222222222222222222222222222222444422222221
12222222222222555222122222555222222222222222222222255522222222222222222222222444444444222222222222222222221222222222552222222222222552222222222222222222222222222222222222222222222222222222444422222221
12222222222222555222222222555222222222222222222222255522222222222222222222222444444444222222222222222222222222222222552222222222222552222222222222222222222222222222222222222222222222222222444422222221
12222222222222555222222222522222222222222222222222255522222222222222222222222444444444222222222222222222222222222222552222222222222552222222222222222222222222222222222222222222222222222222444422222221
12222222222222555222222222555522222222222222222222255522222222222222222222222444444444222222222222222222222222222222552222222222222552222222222222222222222222222222222222222222222222222222444422222221
12222222222222555222222222555522222222222222222222255522222222222222222222222444442222222222222222222222222222222222552222222222222552222222222222222222222222222222222222222222222222222222444422222221
12222222222222555222222222555522222222222222222222255522222222222222222222222444442222222222222222222222222222222222552222222222222552222222222222222222222222222222222222222222222222222222444422222221
12222222222222555222222222555522222222222222222222255522222222222222222222222444444222222222222222222222222222222222552222222222222552222222222222222222222222222222222222222222222222222222444422222221
12222222222222555222222222555522222222222222222222255522222222222222222222222444444222222222222222222222222222222222552222222222222552222222222222222222222222222222222222222222222222222222444442222221
12222222222222555222222222555522222222222222222222255522222222221222222222222444444222222222222222222222222222222222552222222222222552222222222222222222222222222222222222222222222222222222444442222221
12222222222222555222222222555522222222222222222222255522222222222222222222222444444222222222222222222222222222222222552222122222222552222222222221222222222222222222222222222222222222222222444442222221
12222222222222555222222222555522222222222222222222255522222222222222222222222244444222222222222222222222222222222222552222222222222552222222222222222222222222222222222222222222222222222222444442222221
12222222222222555222222222555522222222222222222222255522222222222222222222222244444222222222222222222222222222222222552222222222222552222222222222222222222222222222222222222222222222222222444444442221
12222222222222555222222222555522222222222222222222255522222222222222222222222244444222222222222222222222222222222222552222222222222552222222222222222222222222222222222222222222222222222222444444444441
12222222222222555222222222555522222222222222222222255522222222222222222222222244444444455555555555555555555555555555552222222222222552222222222222222222222222222222222222222222222222222222444444444441
12222222222222555222222222555522222222222222222222255522222222222222222222222244444444422222222222222222222222222222222222222222222552222222222222222222222222222222222222222222222222222222444444444441
12222222222222555222222222555522222222222222222222255522222222222222222222222244444444422222222222222222222222222222222222222222222552222222222222222222222222222222222222222222222222222222444444444441
12222222222222555222222222555522222222222222222222255522222222222222222222222244444444422222222222222222222222222222222222222222222552222222222222222222222222222222222222222222222222222222444444444441
12222222222222555222222222555522222222222222222222255522222222222222222222222222224444422222222222222222222222222222222222222222222552222222222222222222222222222222222222222221222222222222444444444441
12222222222222555222222222555522222222222222222222255522222222222222222222222222224444422222222222222222222222222222222222222222222552222222222222222222222222222222212222222222222222222222444444444441
12222222222222555222222222555522222222222222222222255522222222222222222222222222224444422222222222222222222222222222222222222222222552222222222122222222222222222222222222222222222222222222444444444441
12222222222222555222222122555522222222222222222222255522222222222222222222222222224444422222222222222222222222222222222222222222222552222222222222222222222222222222222222222222222222222222444444444441
12222222222222555222222222555522222222222222222222255522222222222222222222222222224444442222222222222222222222222222222222222222222222222222222222222222222222222222222222222222222222222222444444444441
12222222222222555222222222555522222222222222222222255522222222222222222222222222224444442222222222222222222222222222222222222222222222222222222222222222222222222222222222222222222222222222444444444441
12222222222222555522222222555522222222222222222222255522222222222222222222222222224444442222222222221222222222222222222222222222222222222222222222222222222222222222222222222222222222222222444444444441
12222222222222555521222222555522222222222222222222255522222222222222222222222222222444442222222222222222222222222222222222222222222222222222222222222222222222222222222222222222222222222222244444444441
12222222222222225522222222552222222222222222222222255522222222222222222222222222222444442222222222222222222222222222222222222222222222222222222222222222222222222222222222222222222222222222244444444441
12222222222222225522222222255222222222222222222222255522222222222222222222222222222444442222222222222222222222222222222222222222222222222222222222222222222222222222222222222222222222222222244444444441
12222222222222225522222222225222222222222222222222255522222222222222222222222222222444442221222222222222222222222222222222222222222222222222222222222222222222222222222222222222222222222222244444444441
12222222222222222522222222225222222222222222222222255522222222222222222222222222222444442222222222222222222222222222222222222222222222222222222222222222222222222222222222222222222222222222244444444441
12222222222222222522222222225222222222222222222222255522222222222222222222222222222444442222222222222222222222222222222222222222222222222222222222222222222222222222222222222222222222222222244444444441
12222222222222222522222222225222222222222222222222255522222222222222222222222222222444442222222222222222222222222222222222222222222222222222222222222222222222222222222222222222222222222222244444444441
12222222222222222522222222225222222222222222222222255522222222222222222222222222222444442222222222222222222222222222222222222222222222222222222222222222222222222222222222222222222222222222244444444441
12222222222222222522222222225222222222222222222222255522222222222222222222222222222223322222222222222222222222222222222222222222222222222222222222222222222222255522222222222222222222222222244444444441
15555555555555553522222222225222222222222222222222255522222222222222212222222222222223322222222222222222225555555555555555555555555555555555555555555555555555255522222222222222222222222222222244444441
15555555555555553322222222225222222222222222222222255522222222222222222222222222333333322222222222222222225555555555555555555555555555555555555555555555555555555522222222222222222222222222244444444441
11222222222222222222222222225222222222222222222222255522222222222222222222222222333333322222222222222222222222222222222222222222222222222222222233555555555555555522222222222222222222222222244444444441
11222222222222222222222222225222222222222222222222255522222222222222222222222222333333322222222222222222222222222222222222222222222222222222222333555555555555255522222222222222222222222222244444444441
11222222222222222222222222225222222222222222222222255522222222222222222222222222333333322222222222222222222222222222222222222222222222222222222333552222222222255522222222222222222222222222244444444441
11222222222222222222222222225222222222222222222222255522222222122222222222222222333333322222222222222222222222222222222222222222222222222222222332552222222222255522222222222222222222222222244444444421
11222222222222222222222222225222222222222222222222255522222222222222222222222222333333333322222222222222222222222222222222222222222222222222222232552222222222255522222222222222222222222222244444444421
11222222222222222222222222225222222222222222222222255522222222222222222222222222333333333322222222222222222222222222222222222222221222222222222222552222222222255522222222222222222222222222244444444421
11222222222222222222222221225222222222222222222222255522222222222222222222222222333333333322222222222222222222222222222222222222222222222222222222552222222222255522222222222222222222222222244444444421
11122222222222222222222222225222222222222222222222255522222222222222222222222222333333333322222222222222222222222222222222222222222222222222222222552222222222255522222222222222222222222222244444444421
12122222222222222122222222225222222222222222222222255522222222222222222222222222333333333322222222222222222222222222222222222222222222222222222222552222222222255522222222222222222222222222244444444421
12122222222222222222222222225222222222222222222222255522222222222222222222222222333333333322222222222222222222222222222222222222222222222222222222552222222222255522222222222222222222222222244444444421
12122222222222222222222222225222222222222222222222255522222222222222222222222222333333333322222222222222222222222222222222222222222222222222222222552222222222255522222222222222221222222222244444444421
12122122222222222222222222125222222222222222222222255522222222222222222222222222333333333322222222222222222222222222222222222222222222222222222222552222222222255522222222222222222222222222244444444421
12122222222222222222222222225222222222222222222222255522222222222222222222222222333333333322222222222222222222222222222222222222222222222222222222552222222222255522222222222222222222222222244444444421
12122222222222222222222222225222222222222222222222255522222222222222222222222222333333333322222222222222222222222222222222222222222222222222222222552222222222255522222222222222222222222222244444444421
12122222222222222222222222225222222222222222222222255522222222222222222222222222333333333322222222222222222222222222222222222222222222222222222222552222222222255522222222222222222222222222244444444421
12122222222222222222222222225222222222222222222222255522222222222222222222222222333333333322222222222222222222222222222232222222222222222222222222552222222222255522222222222222222222222222244444444421
12122222222221222222222222225222222222222222222222255522222222222222222222222222333333333322222222222222222222222222222222222222222222222222222222552222222222255522222222222222222222222222244444444421
12122222222222222222222222225222222222222222222222255522222222222222222222222222333333333222222222222222222222222222222222222222222222222222222222552222222222255522222222222222222222222222244444444421
12122222222222222222222222225222222222222222222222255522222222222222222222222222333333333222222222222222222222222222222222222222222222222222222222552222222222255522222222222222222222222222244444444421
12122222222222222222222222223332222222222222222222255522222222222222222222222222333333333222222222222222222222222222222222222222222222222222222222552222222222255522222222222222222222222222244444444421
12122222222222222222222222233332222222222222222222255522222222222222222222222222333333333222222222222222222222222222222222222222222222222222222222552222222222255522222222222222222222222222244444444421
12122222222222222222222222233333333222222222222222255522222222222222222122222222333333333222222222222222222222222222222222222222222222222222222222552222222222255522222222222222222222222222244444444421
12122222222222222222222222233333333222222222222222255522222222222222222222222222333333333222222222222222222222222222222222222222222222222222222222552222222222255522222222222222222222222222244444444421
12122222222222222222222222233333333222222222222222255522222222222222222222222222333333333222222222222222222222222222222222222222222222222222222222552222222222255522222222222222222222222222244444444421
12122222222222222222222222233333333222222222222222255522222222222222222222222222333333333222222222222222222222222222222222222222222222222222222222552222222222255522222222222222222222222233344444444421
12122222222222222222222222333333333222222222222222252222222222222222222222222222333333333222222222222222222222222222222222222222222222222222222222552222222222255522222222222222333222222233322222444421
12122222222222222222222222333333333222222222222222333333322222222222222222222222333333333222222222222222222222222222222222222222222222222222222222552222222222255522222222222222333222222233322222222221
12122222222222222222222222333333333222222222222222333333322222222222222222222222333333333222222222222222222222222222222222222222222222222222222222552222222222255552222222222222333222222233322222222221
12122222222222222222222222333333333222222222222222333333322222222222222222222222333333333222222222222222222222222222222222222222222222222222222222552222222222255552222222222222333222222233322222222221
12222222244442222222222223333333333322222222222222333333322222222222222222222222333333333222222222222222222222222222222222222222222222222222222222552222222222255552222222222222333222222233322222222221
12222222244442222222222223333333333322222222222222333333322222222222222222222222333333333222222555555555555555555555555222222222222222222222222222552222222222255552222222222222333222222233322222222221
12333333344442222222222223333333333322222222222222333333322222222222222222222222333333333555555555555555555555555555555222222222222222222222222222552222222222255552222222222222333222222233322222222221
12333333344442222222222223333333333322222222222222333333322222222222222222222222333333333555555222222222222222222225555222222222222222222222222222552222222222255552222222212222333222222233322222222221
13333333344442222222222223333333333222222222222222333333322222222222222222222222333333333222222222222222222222222222222222222222222222222222222222552222222222255552222222222222333222222233322222222221
13333333333333332222222223333333333222222222222222333333322222222222222222222222333333333222222222222222222222222222222222222222222222222222222222552222222222255552222222222222333222222233322222222221
13333333333333332222222223333333333322222222222222333333322222222222222222222222333333333222222222222222222222222222222222222222222222222222222222552222222222255552222222222222333332222233322222222221
13333333333333332222222223333333333322222222222222333333322222222222222222222222333333322222222222222222222222222222222222222222222222222222222222552222222222255552222222222222333332222333322222222221
13333333333333332222222222222222233355555555552222333333322222222222222222222222333333322222222222222222222222222222222222222222222222222222222222552222222222255552222222222222333332222333322222222221
13333333333333332222222222222222233355555555553333333333322222222222222222222222333333322222222222222222222222222222222222222222222222222222222222552222222222255552222222222222333332222333322222222221
13333333333333332222222222222222222222222222223333333333322222222222222222222222333333322222222222222222222222222222222222222222222222221222222222552222222222255552222222222222333332222333322222222221
13333333333333332222222222222222222222222222223333333333322222222222222222222222333333322222222222222222222122222222222222222222222222221222222222552222222222255552222222222222333332222333322222222221
13333333333333332222222222222222222222222222223333333222222222222222222222222222333333222222222222222222222222222222222222222222222222222222222222552222222222225552222222222222333332222333322222222221
13333333333333332222222222222222222222222222223333333222222222222222222222222222333333222222222222222222222222222222222222222222222222222222222222552222222222225552222222222222333332222333322222222221
13333333333333332222222222222222222222222222223333333333333222222222222222222222222222222222222222222222222222222222222222222222222222222222222222552222222222225552222222222222333332222333322222222221
12222222333333332222222222222222222222222222223333333333333222222222222222222222222222222222222222222222222222222222222222222222222222222222222222552222222222225552222222222222333332222333222222222221
12222222333333332222222222222222222222222222223333333333333222222222222222222222222222222222222222222222222222222222222222222222222222222222222222552222222222225552222222222222223332222333222222222221
12222222333333332222222222222222222222222222223333333333333222222222222222222222222222222222222222222222222222222222222222222222222222222222222222552222222222225552222222222222223332222333222222222221
12222222222222252222222222222222222222222222223333333333333222222222222222222222222222222222222222222222222222222222222222222222222222222222222222552222222222225552222222222222223332222333222222222221
12222222222222252222222222222222222222222222223333333333333222222222222222222222244442222222222222222222222222222222222222222222222222222222222222552222222222215552222222222222223332222333222222222221
12222222222222252222222222222222222222222222223333333333333222222222222222222222244442222222222222222266622222222222222222222222222222222222222222552222222222115552222222222222223332222333222222222221
12222222222222252222222222222222222222222222223333333333333222222222222222222222244442222222222222222222222222222222222222222222222222222222222222552222222222355552222222222222223332222333222222222221
12222222222222252222222222222222222222222222223333333333333222222222222222222222244444442222222222222222222222222222222222222222222222222222222222552222222222255552222222222222223332222333222222222221
12222222222222252222222222222222222222222222222222223333333222222222222212222222224444442222222222222222222222212222222222222222222222222222222222552222222222255552222222222222223331221333222222222221
12222222222222252222222222222444422222222222222222223333333222222222222222222222224444442222222222222222222222222222222222222222222222222222222222552222222222255552222222222222223331221333222222222221
12222222222222252222221222222444422222222222222222223333333222222222222222222222224444442222222222222222222222222222222222222222222222222222222222552222222222255552222222222222223331221333222222222221
12222222222222252222222222222444422222222222222222223333333222222222222222222222224444442222222222222222222222222222222222222222222222222222222222552222222222255552222222222222222211221333222222222221
12222222222222252222222222222444422222222222222222223333333222222222222222222222224444442222222222222222222222222222222222222222222222222222222222552222222222255552222222222222222211221122222222222221
12222222222222252222222222222444442222222222222222223333333333333322222222222222224444442222222222222222222222222222222222222222222222222222222222552222222222255522222222222222222211221122222222222221
12222222222222252222222222222244442222222222222222223333333333333322222222222244444444442222222222222222222222222222222222222222222222222222222222552222222222255522222222222222222211621122222222222221
12222222222222252222222222222244442222222222222222223333333333333322222222222244444444445555552222222222222222222222222222222222222222222222222222552222222222255522222222222222222211621122222222222221
12222222222222252222222222222244442222222222222222223333333333333322222222222244444444442222222222222222222222222222222222222222222222222222222222552222222222255522222222222222222211221122222222222221
12222222222222252222222222222244442222222222222222223333333333333322222222222244444444442222222222222222221222222222222222222222222222222222222222552222222222255522222222222222222211221122222222222221
12222222222222252222222222222222222222222221222222223333333333333333332222222244444444442222222222222222222222222222222222222222222222222222222222552222222222255522222222212222222211261122222222222221
12222222222222252222222222222222222222222222222222223333333333333333332222222244444444442222222222222222222222222222222222222222222222222222222222552222222222255522222222222222222211261122222222222221
12222222222222252222222222222222222222222222222222223333333333333333332222222244444224442222222222222222222222222222222222222222222222222222222222552222222222255522222222222222222211221122222222222221
12222222222222252222222222222222222222222222222222223333333333333333332222222244444224442222222222222222222222222222222222222222222222222222222222552222222222255522222222222222222211221122222222122221
12222222222222252222222222222222222222222222222222223333333333333333333332222222222222222222222222222222222222222222222222222222222222222222222222552222222222255522222222222222222211621122222222222221
12222222222222552222222222222222222222222222222222223333333333333333333332222222222222222222222222222222222222222222222222222222222222222222222222552222222222255522222222222222222211621122222222222221
12222222222222522222222222222222222222222222222222223333333333333333333332222222222222222222222222222255522222222222222222222222222222222222222222552222222222255522222222222222222211221122222222222221
12222222222222522222222222222222222222222222222222223333333333333333333332222222222222222222222222222255522222222222222222222222222222222222222222552222222222255522222222222222222211221122222222222221
12222222222222522222222222222222222222222222222222223333333333333333333332222222222222222222222222222255522222222222222222222222222222222222222222552222222222255522222222222222222211261122222222222221
12222222222222522222222222222222222222222222222222223333333333333333333332222222222222222222222222222255522222222222222222222222222222222222222222552222222222255522222222222222222211261122222222222221
12222222222222522222222222222222222222222222222222222222222222222222222222222222222222222222222222222255522222222222222222222222222222222222222222552222222222255522222222222222222211221122222222222221
12222222222222522222222222222222222222222222222222222222222222222222222222222222222222222222222222222255522222222222222222222222222222222222222222552222222222255522222222222222222211221122222222222221
12222222222222522222222222222222222222222222222222222222222222222222222222222222222222222222222222222255522222222222222222222222222222222222222222552222222222255522222222222222222211621122222222222221
12222222222222522222222222222222222222222222222222222222222222222222222222222222222222222222222222222255522222222222222222222222222222222222222222552222222222255522222222222222222211621122222222222221
12222222222222522222222222222222222222222222222222222222222222222222222222222222222222222222222222222255522222222222222222222222222222222222222222552222222222255522222222222222222211221122222222222221
12222222222222522222222222222222222122222221222222222222222222222222222222222222222222222222222222222255522222222222222222222222222222222222222222552222222222255522222222222222222211221122222222222221
12222222222222552222222222222222222222222222222222222222222222222222222222222222222222222222222222222255522222222222222222222222222222222222222222552222222222255522222222222222222211261122222222222221
12222222222222252222222222222222222222222222222222222222222222222222222222222222222222222222222222222255522222222222222222222222222222232222222222552222222222255522222222222222222211261122222222222221
12222222222222252222222122222222222222222222222222222222222222222222222222222222222222222222222222222255522222222222222225522222222222222222222222552222222222255522222222222222222211221122222222222221
12222222222222252222222222222222222222222222222222222222222222222222222222222222222122222222222222222255522222212222222225522222222222222222222222552222222222255522222222222222222211221122222222222221
12222222222222252222222222222222222222222222222222222222222222222222222222222222222222222222222222222255522222222222222225522222222222222222222222552222222222255522222222222222222211261122212222222221
12223333333333352222222222222222222222222222222222222222222222222222222222222222222222222222222222222255522222222222222225522222222222222222222222552222222222255522222222222222222211221122222222222221
12223333333333352222222222222222222222222222222222222333333322222222222222222222222222222222222222222255522222222222222225522222222222222222222222552222222222255522222222222222222211621122222222222221
12223333333333352222222222222222222222222222222222222333333322222333333333333332222222222222222222222255522222222222222225522222222222222222222222552222222222255522222222222222222211221122222222222221
12223333333333352222222222222222222222222222222222222333333322222333333333333332222222222222222222222255522222222222222225522222222222222222222222552222222222255522222222222222222211261122222222222221
12223333333333352222222222222222222222222222222222222333333333333333333333333332222222222222222222222255522222222222222225522222222222222222222222552222222222255522222222222222222211221122222222222221
12223333333333352222222222222222222222222222222222222333333333333333333333333332222222222222222222222255522222222222222225522222222222222222222222552222222222255522222222222222222211621122222222222221
12223333333333352222222222222222222222222222222222222333333333333333333333333332222222222222222222222255522222222222222225522222222222222222222222552222222222255522222222222222222211221122222222222221
12223333333333352222222222222222222222222222222222222333333333333333333333333332222222222222222222222255522222222222222225522222222222222222222222552222222222255522222222222222222211261122222222222221
12223333333333352222222222222222222222222222222222333333333333333333333333333332222222222222222122222255522222222222222225522222222222222222222222552222222222355522222222222222222211221122222222222221
12223333333333355222222222222222222222222222223333333333333333333333333333333332222222222222222222222255522222222222222225522222222222222222222222552222222222355555522222222222222211621122222222222221
12223333333333355222222222222222222222222222223333333333333333333333333333333332222222222222222222222255522222222222222225522222222222222222222222552222222225555555511111111111111111221111111111111111
12223333333333355222222222222222222222222222223333333333333333333333333333333332222222222222222222222255522222222222222225522222222222222222222222552222222225555555511111111111111111221111111111111111
12223333333333355555555555552222222222222222223333333333333333333333333333333332222222222222222222222255522222222222222225522222222222222222222222552222222225555555511111111111111111221111111111111111
12223333333333355555555555555555555552222222223333333333333333333332222222222552222222222222222222222255522222222222222225522222222222222222222222552222222225555555511122222222222222222222222222222221
12223333333333333333333333355555555555555555553333333333333333333332222222222552222222222222222222222255522222222222222225522222222222222222222222552222222225555555511122222222222222222222222222222221
12223333333333333333333333333333333335555555553333333333333333333332222222222552222222222222222222222255522222222222222225522222222222222222222222552222222225555555511122222222222222222222222222222221
12223333333333333333333333333333333333333333333333333333333333333332222222222552222222222222222222222255522222222222222225522222222222222222222222552222222225555555511122222222222222222222222222222221
12223333333333333333333333333333333333333333333333333333333333333332222222222552222222222222222222222255522222222222222225522222222222222222222222552222222225555555511122222222222222222222222222222221
12223333333333333333333333333333333333333333333333333333333333333332222222222552222222222222222222222255522222222222222225522222222222222222222222552222222225555555511122222222222222222222222222222221
12223333333333333333333333333333333333333333333333333333333332222222222222222552222222222222222222222255522222222222222225522222222222222222222222552222222225555555511122222222222222222222222222222221
12223333333333333333333333333333333333333333333333333333333332222222222222222552222222222222222222222255522222222222222225522222222222222222222222552222222225555555511122222222222222222222222222222221
12223333333333333333333333333333333333333333333333333333333332222222222222222552222222222222222122222255522222222222222225522222222222222222222222552222222225555555511122222222222222222222222222222221
12222222223333333333333333333333333333333333333333333333333332222222222222222552222222222222222222222255522222222222222225522222222222222222222222552222222225555555511122222222222222222222222222222221
12222222223333333333333333333333333333333333333333333233333332222222222222222552222222222222222222222255522222222222222225522222222222222222222222552222222225555555511122223322222222332222222233222221
12222222223333333333333333333333333333333333333322222233333332222222222222222555222222222222222222222255522222222222222225522222222222222222222222552222222225555555511122223322222222332222222233222221
12222222223333333333333333333333333333333333333322222222222222222222222222222555222222222222222222222255522222222222222225522222225555555555555555552222222255555555511122222222222222222222222222222221
12222222223333333333322222333333333333333333333322222222222222222222222222222555222222222222222222222255522222222222222225522222225555555555555555552222222255555555511122222222222222222222222222222221
12222222222222222222222222222222222223333333333322222222222222222222222222222555222222222222222222222255522222222222222225522222222222222222222222222222222225555555511122222222222222222222222222222221
12222222222222222222222222222222222222222222222222222222222222222222222222222555222222122222222222222255522222222222222225512222222222222222222222222222222225555555511122222222222222222222222222222221
12222222222222222222222222222222222222222222222222222222222222222222222222222555222222222222222222222255522222222222222225522222222222222222222222222222222225555555511122222222222222222222222222222221
12222222222222222222222222222222222222222222222222222222222222222222222222222555222222222222222222222255522222222222222225522222222222222222222222222222222225555555511122222222222222222222222222222221
12222222222222222222222222222222222222222222222222222222222222222222222222222555222222222222222222222255522222222222222225522222222222222222222222222222222225555555511122222222222222222222222222222221
12222222222222222222222222222222222222222222222222222222222222222222222222222555222222222222222222222255522222222222222225522222222222222222222222222222222225555555511122223322222222442222222233222221
12222222222222222222222222222222222222222222222222222222222222222222222222222555222222222222222222222255522222222222222225522222222222222222222222222222222225555555511122223322222222442222222233222221
12222222222222222222222222222222222222222222222222222222222222222222222222222555222222222222222222222255522222222222222225522222222222222222222222222222222225555555511122222222222222222222222222222221
12222222222222222222222222222222222222222222222222222222222222222222222222222555222222222222222222222255522222222222222225522222222222222222222222222222222225555555511122222222222222222222222222222221
12222222222222222222222222222222222222222222222222222222222222222222222222222555222222222222222222222255522222222222222225522222222222222222222222222222222225555555511122222222222222222222222222222221
12222222222222222222222222222222222222222222222222222222222222222222222222222555222222222222222222222255522222222222222225522222222222222222222222222222222225555555511122222222222222222222222222222221
12222222222222222222222222222222222222222222222222222222222222222222222222222555222222222222112222222255522222222222222225522222222222222222222222222222222225555555511122222222222222222222222222222221
12222222222222222222222222222222222222222222222222222222222222222222222222222555222222222222122222222255522222222222222225522222222222222222222222222222222225555555511122222222222222222222222222222221
12222222222222222222222222222222222222222222222222222222222222222222222222222555222222222222222222212255522222222222222225522222222222222222222222222222222225555555511122222222222222222222222222222221
12222222222222222222222222222222222222222222222222222222222222222222222222222555222222222222222222222255522222222222222225522222222222222222222212222222222225555555511122222222222222222222222222222221
12222222222222222222222222222222222222222222222222222222222222222222222222222555222222222222222222222255522222222222222225512222222222222222222222222222222225555555511122223322222222332222222233222221
12222222222222222222222222222222222222222222222222222222222222222222222222222555222222222222222222222255522222222222222225511222222222222222222222222222222225555555511122223322222222332222222233222221
12222222222222222222222222222222222222222222222222222222222222222222222222222555222222222222222222222255522222222222222225511222222222222222222222222222222225555555511122222222222222222222222222222221
12222222222222222222222222222222222222222222222222222222222222222222222222222555222222212222222222222255522222222222222222112222222222222222222222222222222225555555511122222222222222222222222222222221
12222222222222222222222222222222222222222222222222222222222222222222222222222555222222222222222222222255522222222222222222222222222222222222222222222222222225555555511122222222222222222222222222222221
12222222222222222222222222222222222222222222222222222222222222222222222222222555222222222222222222222255522222222222222222222222222222222222222222222222222225555555511122222222222222222222222222222221
12222222222222222222222222222222222222222222222222222222222222222222222222222555222222222222222222222255522222222222222222222222222222222222222222222222222225555555511122222222226662222666222222222221
12222222222222222222222222222222222222222222222222222222222222222222222222222555222222222222222222222255522222222222222222222222222222222222222222222222222225555555511122222222222222222222222222222221
12222222222222222222222222222222222222222222222222222222222222222222222222222555222222222212222222222255524442222222222222222222222222322222222222222222222225555555511122222222222222222222222222222221
12222222222222222222222222222222222222222222222222222222222222222222222222222552222222222222222222222255524442222222222222222222222222222222222222222222222225555555511122222222222222222222222222222221
12222222222222222222222222222222222222222222222222222222222222222222222222222552222222222222222222222255524442222222222222222222222222222222222222222222222225555555511122222222222222222222222222222221
12222222222222222222222222222222222222222222222222222222222222222222222222222552222222222222222222222255524442222222222222222222222222222222222222222222222225555555511122222222222222222222222222222221
12222222222222222222222222222222222222222222222222222222222222222222222222222552222222222222222222222255524442222222222222222222222222222222222222222222222225555555511122222222222222222222222222222221
12222222222222222222222222222222222222222222222222222222222222222222222222222552222222222222222222222255522222222222222222222222222222222222222222222222222225555555511122222222222222222222222222222221
12222222222222222222222222222222222222222222222222222222222222222222222222222552222222222222222222222255522222222222222222222222222222222222222222222222222225555555511122222222222222222222222222222221
12222222222222222222222222222222222222222222222222222222222222222222222222222552222222222222222222222255522222222222222222222222222222222222222222222222222222555555511122222222222222222222222222222221
11111111111111111111111111111111111111111111111111111111111111111111111111111111111111111111111111111111111111111111111111111111111111111111111111111111111111111111111111111111111111111111111111111111