400 75
100 100
550 250
450 450
550 525
600 875
450 925
1825 925
2775 950
1575 1050
2625 1150
4425 1275
2850 1325
175 1500
600 1500
175 1550
2775 1575
4225 1600
150 1625
2500 1625
550 1750
3225 1875
2450 1900
150 1950
525 1975
3400 1975
4550 1975
600 2050
275 2075
2375 2100
4125 2100
4600 2125
3150 2225
4500 2275
550 2325
425 2375
1825 2400
550 2425
3050 2425
1650 2550
2575 2600
4525 2675
4600 2675
3525 2750
1100 2800
475 2900
1025 2900
2450 2900
600 3025
450 3075
3525 3125
925 3225
1075 3225
2975 3225
2800 3275
4550 3275
1725 3325
2925 3375
4575 3375
1225 3450
1675 3450
2300 3550
1225 3600
625 3650
1125 3650
475 3675
525 3750
4375 3925
4450 3925
4725 3925
4800 3925
2750 4000
3750 4150
2450 4225
3375 4250
2375 4275
3200 4275
2900 4325
3400 4400
4325 4750
4800 4750
3075 4775
4400 4800
4325 4825
4800 4825
3025 4875
